


 /home/sldev1/Project/hyeongeun_test/data/AR_CMS_DATASET/221124/RH/221124_RH_4_1.MP4의 제원***********
 person : 31236 
 bicycle : 21906 
 car : 48105 
 motorcycle : 5225 
 bus : 921 
 truck : 4478width : 3840, height : 2160, frames_per_second : 29.97002997002997, num_frames : 15990


 /home/sldev1/Project/hyeongeun_test/data/AR_CMS_DATASET/221124/RH/221124_RH_9_1.MP4의 제원***********
 person : 9344 
 bicycle : 13078 
 car : 31106 
 motorcycle : 971 
 bus : 306 
 truck : 2701width : 3840, height : 2160, frames_per_second : 29.97002997002997, num_frames : 8405


 /home/sldev1/Project/hyeongeun_test/data/AR_CMS_DATASET/221124/RH/221124_RH_2_2.MP4의 제원***********
 person : 430 
 bicycle : 667 
 car : 9939 
 motorcycle : 94 
 bus : 148 
 truck : 542width : 3840, height : 2160, frames_per_second : 29.97002997002997, num_frames : 2051